bild.jpg
<<<<<<< Updated upstream
Found 0 codes.
18 candidates.
0 tested.
58ms elapsed time.
=======
Found 28 codes.
1767 candidates.
78 tested.
0 0000 0101 0111  = 87
0 0000 0101 0111  = 87
0 0000 0101 0111  = 87
0 0000 0101 0111  = 87
0 0000 0101 0111  = 87
0 0000 0011 1101  = 61
0 0000 0101 0111  = 87
0 0000 0101 0111  = 87
0 0000 0101 0111  = 87
0 0000 0011 1101  = 61
0 0000 0101 0111  = 87
0 0000 0101 0111  = 87
0 0000 0101 0111  = 87
0 0000 0101 0111  = 87
0 0000 0100 1111  = 79
0 0000 0101 0111  = 87
0 0000 0101 0111  = 87
0 0000 0101 0111  = 87
0 0000 0101 0111  = 87
0 0000 0100 1111  = 79
0 0000 0100 1111  = 79
0 0000 0011 1101  = 61
0 0000 0101 0111  = 87
0 0000 0101 0111  = 87
0 0000 0101 0111  = 87
0 0000 0101 0111  = 87
0 0000 0101 0111  = 87
0 0000 0101 0111  = 87
79ms elapsed time.
>>>>>>> Stashed changes
